2016-03-27-11-57-06AM,1459051026692,8.0,0
2016-03-27-12-13-37PM,1459052017323,0.0,0
2016-03-27-12-13-37PM,1459052017426,8.0,0
2016-03-27-12-13-39PM,1459052019297,0.0,0
2016-03-27-12-13-39PM,1459052019405,8.0,0
2016-03-27-12-13-40PM,1459052020148,0.0,0
2016-03-27-12-13-40PM,1459052020227,8.0,0
2016-03-27-12-14-24PM,1459052064669,0.0,0
2016-03-27-12-14-24PM,1459052064748,8.0,0
2016-03-27-12-21-06PM,1459052466656,0.0,0
2016-03-27-12-21-06PM,1459052466723,8.0,0
2016-03-27-12-23-50PM,1459052630816,0.0,0
2016-03-27-12-23-51PM,1459052631373,8.0,0
2016-03-27-12-23-56PM,1459052636396,0.0,0
2016-03-27-12-23-56PM,1459052636583,8.0,0
2016-03-27-12-25-15PM,1459052715242,0.0,0
2016-03-27-12-25-15PM,1459052715617,8.0,0
2016-03-27-12-25-15PM,1459052715819,0.0,0
2016-03-27-12-26-11PM,1459052771374,8.0,0
2016-03-27-12-27-50PM,1459052870922,0.0,0
2016-03-27-12-27-56PM,1459052876007,8.0,0
2016-03-27-12-27-56PM,1459052876180,0.0,0
2016-03-27-12-27-56PM,1459052876433,8.0,0
2016-03-27-12-27-56PM,1459052876530,0.0,0
2016-03-27-12-28-07PM,1459052887077,8.0,0
2016-03-27-12-28-29PM,1459052909935,0.0,0
2016-03-27-12-28-48PM,1459052928677,8.0,0
2016-03-27-12-28-54PM,1459052934587,0.0,0
2016-03-27-12-28-59PM,1459052939190,8.0,0
2016-03-27-12-30-52PM,1459053052704,0.0,0
2016-03-27-12-30-52PM,1459053052717,8.0,0
2016-03-27-12-32-32PM,1459053152959,0.0,0
2016-03-27-12-32-35PM,1459053155440,8.0,0
2016-03-27-12-32-35PM,1459053155910,0.0,0
2016-03-27-12-32-36PM,1459053156982,8.0,0
