2016-03-27-12-51-55PM,1459054315812,1012.6782,4.7613773,0
2016-03-27-12-51-56PM,1459054316816,1012.6526,4.975402,0
2016-03-27-12-51-57PM,1459054317830,1012.6582,4.9278407,0
2016-03-27-12-51-58PM,1459054318878,1012.71606,4.446947,0
2016-03-27-12-51-59PM,1459054319896,1012.64575,5.0308895,0
2016-03-27-12-52-00PM,1459054320916,1012.6739,4.7983694,0
2016-03-27-12-52-01PM,1459054321936,1012.5593,5.75223,0
2016-03-27-12-52-02PM,1459054322936,1012.70245,4.560565,0
2016-03-27-12-52-03PM,1459054323968,1012.617,5.2713366,0
2016-03-27-12-52-05PM,1459054325071,1012.6761,4.7798734,0
2016-03-27-12-52-06PM,1459054326098,1012.646,5.0308895,0
2016-03-27-12-52-07PM,1459054327130,1012.6942,4.629264,0
2016-03-27-12-52-08PM,1459054328197,1012.68677,4.6900363,0
2016-03-27-12-52-09PM,1459054329199,1012.68616,4.6953206,0
2016-03-27-12-52-10PM,1459054330217,1012.6441,5.0467434,0
2016-03-27-12-52-11PM,1459054331258,1012.7343,4.293695,0
2016-03-27-12-52-12PM,1459054332292,1012.6281,5.178857,0
2016-03-27-12-52-13PM,1459054333328,1012.6532,4.970117,0
2016-03-27-12-52-14PM,1459054334351,1012.6498,4.999182,0
2016-03-27-12-52-15PM,1459054335384,1012.6526,4.975402,0
2016-03-27-12-52-16PM,1459054336410,1012.6722,4.8115807,0
2016-03-27-12-52-17PM,1459054337426,1012.69446,4.6266217,0
2016-03-27-12-52-18PM,1459054338427,1012.649,5.004467,0
2016-03-27-12-52-19PM,1459054339456,1012.7091,4.505077,0
2016-03-27-12-52-20PM,1459054340456,1012.70074,4.5737762,0
2016-03-27-12-52-21PM,1459054341456,1012.6213,5.2343445,0
2016-03-27-12-52-22PM,1459054342456,1012.633,5.1392226,0
2016-03-27-12-52-23PM,1459054343456,1012.64276,5.057312,0
2016-03-27-12-52-24PM,1459054344466,1012.7358,4.283126,0
2016-03-27-12-52-25PM,1459054345467,1012.65125,4.985971,0
2016-03-27-12-52-26PM,1459054346469,1012.65094,4.988613,0
2016-03-27-12-52-27PM,1459054347506,1012.70636,4.526215,0
2016-03-27-12-52-28PM,1459054348535,1012.5801,5.5778403,0
2016-03-27-12-52-29PM,1459054349546,1012.6607,4.9067025,0
2016-03-27-12-52-30PM,1459054350546,1012.70386,4.5473533,0
2016-03-27-12-52-31PM,1459054351559,1012.59235,5.4774337,0
2016-03-27-12-52-32PM,1459054352586,1012.68787,4.6821094,0
2016-03-27-12-52-33PM,1459054353591,1012.7056,4.534142,0
2016-03-27-12-52-34PM,1459054354593,1012.67694,4.771947,0
2016-03-27-12-52-35PM,1459054355629,1012.6859,4.6979628,0
2016-03-27-12-52-36PM,1459054356680,1012.7083,4.5103617,0
2016-03-27-12-52-37PM,1459054357706,1012.5934,5.4668646,0
2016-03-27-12-52-38PM,1459054358709,1012.5852,5.535564,0
2016-03-27-12-52-39PM,1459054359755,1012.6668,4.8564997,0
2016-03-27-12-52-40PM,1459054360786,1012.63965,5.083735,0
2016-03-27-12-52-41PM,1459054361802,1012.7327,4.3069067,0
2016-03-27-12-52-42PM,1459054362835,1012.6557,4.948979,0
2016-03-27-12-52-43PM,1459054363877,1012.69275,4.639833,0
2016-03-27-12-52-44PM,1459054364911,1012.6224,5.2264175,0
2016-03-27-12-52-45PM,1459054365916,1012.7012,4.5711336,0
2016-03-27-12-52-46PM,1459054366952,1012.65247,4.975402,0
2016-03-27-12-52-47PM,1459054367953,1012.76227,4.061175,0
2016-03-27-12-52-48PM,1459054368958,1012.71155,4.4839387,0
2016-03-27-12-52-49PM,1459054369963,1012.61005,5.3294663,0
2016-03-27-12-52-50PM,1459054370997,1012.6716,4.8168654,0
2016-03-27-12-52-52PM,1459054372003,1012.70355,4.5499954,0
2016-03-27-12-52-53PM,1459054373002,1012.6808,4.740239,0
2016-03-27-12-52-54PM,1459054374053,1012.62286,5.2237754,0
2016-03-27-12-52-55PM,1459054375091,1012.75885,4.09024,0
2016-03-27-12-52-56PM,1459054376113,1012.6105,5.326824,0
2016-03-27-12-52-57PM,1459054377136,1012.7079,4.513004,0
2016-03-27-12-52-58PM,1459054378161,1012.5747,5.622759,0
2016-03-27-12-52-59PM,1459054379164,1012.6325,5.141865,0
2016-03-27-12-53-00PM,1459054380164,1012.7043,4.544711,0
2016-03-27-12-53-01PM,1459054381170,1012.7245,4.3756056,0
2016-03-27-12-53-02PM,1459054382207,1012.76227,4.061175,0
2016-03-27-12-53-03PM,1459054383265,1012.6078,5.3479624,0
2016-03-27-12-53-04PM,1459054384291,1012.7525,4.1430855,0
2016-03-27-12-53-05PM,1459054385293,1012.64105,5.0705237,0
2016-03-27-12-53-06PM,1459054386298,1012.5646,5.7073116,0
2016-03-27-12-53-07PM,1459054387331,1012.8281,3.511582,0
2016-03-27-12-53-08PM,1459054388343,1012.76904,4.005687,0
2016-03-27-12-53-09PM,1459054389379,1012.5847,5.5408483,0
2016-03-27-12-53-10PM,1459054390411,1012.5938,5.4642224,0
2016-03-27-12-53-11PM,1459054391416,1012.5367,5.9398317,0
2016-03-27-12-53-12PM,1459054392417,1012.73303,4.304264,0
2016-03-27-12-53-13PM,1459054393416,1012.5964,5.4430842,0
2016-03-27-12-53-14PM,1459054394416,1012.5865,5.524995,0
2016-03-27-12-53-15PM,1459054395417,1012.5742,5.628043,0
2016-03-27-12-53-16PM,1459054396456,1012.7272,4.3544674,0
2016-03-27-12-53-17PM,1459054397456,1012.722,4.396744,0
2016-03-27-12-53-18PM,1459054398456,1012.4227,6.8910503,0
2016-03-27-12-53-19PM,1459054399457,1012.61444,5.2924747,0
2016-03-27-12-53-20PM,1459054400459,1012.6676,4.8485727,0
2016-03-27-12-53-21PM,1459054401518,1012.84827,3.3451188,0
2016-03-27-12-53-22PM,1459054402544,1012.8006,3.7414598,0
2016-03-27-12-53-23PM,1459054403563,1012.5769,5.604263,0
2016-03-27-12-53-24PM,1459054404581,1012.69464,4.6239796,0
2016-03-27-12-53-25PM,1459054405582,1012.7914,3.8180857,0
2016-03-27-12-53-26PM,1459054406587,1012.6767,4.774589,0
2016-03-27-12-53-27PM,1459054407596,1012.64905,5.004467,0
2016-03-27-12-53-28PM,1459054408599,1012.78534,3.868289,0
2016-03-27-12-53-29PM,1459054409629,1012.6891,4.6715403,0
2016-03-27-12-53-30PM,1459054410666,1012.6018,5.3981657,0
2016-03-27-12-53-31PM,1459054411666,1012.72675,4.3571095,0
2016-03-27-12-53-32PM,1459054412667,1012.82745,3.5195088,0
2016-03-27-12-53-33PM,1459054413668,1012.5242,6.0455227,0
2016-03-27-12-53-34PM,1459054414674,1012.6987,4.5896297,0
2016-03-27-12-53-35PM,1459054415708,1012.6721,4.8115807,0
2016-03-27-12-53-36PM,1459054416746,1012.651,4.988613,0
2016-03-27-12-53-37PM,1459054417747,1012.68207,4.7296705,0
2016-03-27-12-53-38PM,1459054418766,1012.6869,4.6900363,0
2016-03-27-12-53-39PM,1459054419788,1012.7163,4.4443045,0
2016-03-27-12-53-40PM,1459054420791,1012.7199,4.41524,0
2016-03-27-12-53-41PM,1459054421839,1012.7189,4.4231663,0
2016-03-27-12-53-42PM,1459054422867,1012.61176,5.316255,0
2016-03-27-12-53-43PM,1459054423884,1012.5901,5.4959297,0
2016-03-27-12-53-44PM,1459054424906,1012.6176,5.266052,0
2016-03-27-12-53-45PM,1459054425921,1012.7178,4.431093,0
2016-03-27-12-53-46PM,1459054426923,1012.5637,5.7152386,0
2016-03-27-12-53-47PM,1459054427948,1012.6525,4.975402,0
2016-03-27-12-53-48PM,1459054428960,1012.6281,5.178857,0
2016-03-27-12-53-50PM,1459054430003,1012.54834,5.8420677,0
2016-03-27-12-53-51PM,1459054431038,1012.5709,5.654466,0
2016-03-27-12-53-52PM,1459054432077,1012.587,5.522352,0
2016-03-27-12-53-53PM,1459054433116,1012.56323,5.7178807,0
2016-03-27-12-53-54PM,1459054434119,1012.636,5.1128,0
2016-03-27-12-53-55PM,1459054435156,1012.7095,4.5024347,0
2016-03-27-12-53-56PM,1459054436156,1012.617,5.2713366,0
2016-03-27-12-53-57PM,1459054437156,1012.66864,4.840646,0
2016-03-27-12-53-58PM,1459054438156,1012.57,5.662393,0
2016-03-27-12-53-59PM,1459054439281,1012.7145,4.4601583,0
2016-03-27-12-54-00PM,1459054440281,1012.6725,4.8089385,0
2016-03-27-12-54-01PM,1459054441281,1012.647,5.0229626,0
2016-03-27-12-54-02PM,1459054442281,1012.60815,5.34532,0
2016-03-27-12-54-03PM,1459054443281,1012.7199,4.41524,0
2016-03-27-12-54-04PM,1459054444281,1012.66656,4.859142,0
2016-03-27-12-54-05PM,1459054445286,1012.7084,4.5103617,0
2016-03-27-12-54-06PM,1459054446291,1012.80554,3.7018256,0
2016-03-27-12-54-07PM,1459054447291,1012.7452,4.203858,0
2016-03-27-12-54-08PM,1459054448291,1012.7163,4.4443045,0
2016-03-27-12-54-09PM,1459054449291,1012.72644,4.3597517,0
2016-03-27-12-54-10PM,1459054450291,1012.71796,4.431093,0
2016-03-27-12-54-11PM,1459054451291,1012.7198,4.41524,0
2016-03-27-12-54-12PM,1459054452291,1012.7161,4.446947,0
2016-03-27-12-54-13PM,1459054453302,1012.6213,5.2343445,0
2016-03-27-12-54-14PM,1459054454336,1012.7095,4.5024347,0
2016-03-27-12-54-15PM,1459054455336,1012.6874,4.6847515,0
2016-03-27-12-54-16PM,1459054456336,1012.7444,4.209142,0
2016-03-27-12-54-17PM,1459054457336,1012.70233,4.560565,0
2016-03-27-12-54-18PM,1459054458336,1012.7543,4.1272316,0
2016-03-27-12-54-19PM,1459054459336,1012.73224,4.312191,0
2016-03-27-12-54-20PM,1459054460337,1012.72845,4.3438983,0
2016-03-27-12-54-21PM,1459054461377,1012.75543,4.119305,0
2016-03-27-12-54-22PM,1459054462416,1012.7363,4.2778416,0
2016-03-27-12-54-23PM,1459054463417,1012.7263,4.3597517,0
2016-03-27-12-54-24PM,1459054464462,1012.62787,5.181499,0
2016-03-27-12-54-25PM,1459054465463,1012.60425,5.3770275,0
2016-03-27-12-54-26PM,1459054466501,1012.713,4.4707274,0
2016-03-27-12-54-27PM,1459054467501,1012.73267,4.3069067,0
2016-03-27-12-54-28PM,1459054468501,1012.71936,4.417882,0
2016-03-27-12-54-29PM,1459054469504,1012.6554,4.951621,0
2016-03-27-12-54-30PM,1459054470541,1012.7872,3.8524354,0
2016-03-27-12-54-31PM,1459054471541,1012.7685,4.010972,0
2016-03-27-12-54-32PM,1459054472541,1012.6867,4.6900363,0
2016-03-27-12-54-33PM,1459054473541,1012.7525,4.1430855,0
2016-03-27-12-54-34PM,1459054474546,1012.84515,3.3715415,0
2016-03-27-12-54-35PM,1459054475548,1012.6658,4.864426,0
2016-03-27-12-54-36PM,1459054476589,1012.7389,4.2567034,0
2016-03-27-12-54-37PM,1459054477684,1012.7753,3.9528418,0
2016-03-27-12-54-38PM,1459054478716,1012.7556,4.116663,0
2016-03-27-12-54-39PM,1459054479716,1012.7597,4.082313,0
2016-03-27-12-54-40PM,1459054480751,1012.9042,2.8800786,0
2016-03-27-12-54-41PM,1459054481756,1012.75146,4.1510124,0
2016-03-27-12-54-42PM,1459054482795,1012.87317,3.1390214,0
2016-03-27-12-54-43PM,1459054483831,1012.6558,4.948979,0
2016-03-27-12-54-44PM,1459054484835,1012.74054,4.243492,0
2016-03-27-12-54-45PM,1459054485871,1012.78674,3.85772,0
2016-03-27-12-54-46PM,1459054486871,1012.75055,4.1589394,0
2016-03-27-12-54-47PM,1459054487890,1012.79803,3.762598,0
2016-03-27-12-54-48PM,1459054488916,1012.77734,3.936988,0
2016-03-27-12-54-49PM,1459054489955,1012.967,2.3569083,0
2016-03-27-12-54-50PM,1459054490991,1012.872,3.1469483,0
2016-03-27-12-54-51PM,1459054491993,1012.719,4.420524,0
2016-03-27-12-54-53PM,1459054493080,1012.7616,4.0664597,0
2016-03-27-12-54-54PM,1459054494111,1012.78076,3.9079232,0
2016-03-27-12-54-55PM,1459054495111,1012.64984,4.99654,0
2016-03-27-12-54-56PM,1459054496111,1012.77966,3.91585,0
2016-03-27-12-54-57PM,1459054497111,1012.7423,4.2276382,0
2016-03-27-12-54-58PM,1459054498111,1012.5962,5.4457264,0
2016-03-27-12-54-59PM,1459054499111,1012.6243,5.210564,0
2016-03-27-12-55-00PM,1459054500117,1012.6239,5.2132063,0
2016-03-27-12-55-01PM,1459054501169,1012.68207,4.7296705,0
2016-03-27-12-55-02PM,1459054502193,1012.85016,3.329265,0
2016-03-27-12-55-03PM,1459054503231,1012.633,5.1392226,0
2016-03-27-12-55-04PM,1459054504231,1012.7563,4.111378,0
2016-03-27-12-55-05PM,1459054505241,1012.6886,4.6741824,0
2016-03-27-12-55-06PM,1459054506256,1012.6883,4.6768246,0
2016-03-27-12-55-07PM,1459054507282,1012.61334,5.303044,0
2016-03-27-12-55-08PM,1459054508281,1012.5826,5.5593443,0
2016-03-27-12-55-09PM,1459054509281,1012.67,4.8300767,0
2016-03-27-12-55-10PM,1459054510281,1012.6318,5.1471496,0
2016-03-27-12-55-11PM,1459054511281,1012.7519,4.14837,0
2016-03-27-12-55-12PM,1459054512281,1012.77423,3.9607687,0
2016-03-27-12-55-13PM,1459054513283,1012.7724,3.976622,0
2016-03-27-12-55-14PM,1459054514294,1012.7669,4.0215406,0
2016-03-27-12-55-15PM,1459054515321,1012.56384,5.7152386,0
2016-03-27-12-55-16PM,1459054516327,1012.6724,4.8089385,0
2016-03-27-12-55-17PM,1459054517361,1012.63885,5.08902,0
2016-03-27-12-55-18PM,1459054518361,1012.66797,4.84593,0
2016-03-27-12-55-19PM,1459054519365,1012.7965,3.7758093,0
2016-03-27-12-55-20PM,1459054520402,1012.70734,4.5182886,0
2016-03-27-12-55-21PM,1459054521404,1012.7545,4.1245894,0
2016-03-27-12-55-22PM,1459054522448,1012.7126,4.476012,0
2016-03-27-12-55-23PM,1459054523486,1012.78564,3.8656468,0
2016-03-27-12-55-24PM,1459054524486,1012.8062,3.6965413,0
2016-03-27-12-55-25PM,1459054525486,1012.7132,4.4707274,0
2016-03-27-12-55-26PM,1459054526491,1012.7383,4.2619877,0
2016-03-27-12-55-27PM,1459054527491,1012.6122,5.3109703,0
2016-03-27-12-55-28PM,1459054528491,1012.625,5.2052794,0
2016-03-27-12-55-29PM,1459054529492,1012.5507,5.8235717,0
2016-03-27-12-55-30PM,1459054530531,1012.6314,5.1524343,0
2016-03-27-12-55-31PM,1459054531533,1012.6588,4.9225564,0
2016-03-27-12-55-32PM,1459054532533,1012.5446,5.873775,0
2016-03-27-12-55-33PM,1459054533559,1012.6197,5.2501984,0
2016-03-27-12-55-34PM,1459054534576,1012.7175,4.433736,0
2016-03-27-12-55-35PM,1459054535611,1012.645,5.0388165,0
2016-03-27-12-55-36PM,1459054536628,1012.7314,4.3174753,0
2016-03-27-12-55-37PM,1459054537653,1012.60803,5.34532,0
2016-03-27-12-55-38PM,1459054538657,1012.6294,5.1682878,0
2016-03-27-12-55-39PM,1459054539691,1012.633,5.1392226,0
2016-03-27-12-55-40PM,1459054540691,1012.6312,5.1524343,0
2016-03-27-12-55-41PM,1459054541691,1012.7179,4.431093,0
2016-03-27-12-55-42PM,1459054542701,1012.7373,4.2699146,0
2016-03-27-12-55-43PM,1459054543731,1012.6341,5.1286535,0
2016-03-27-12-55-44PM,1459054544739,1012.7545,4.1245894,0
2016-03-27-12-55-45PM,1459054545771,1012.72174,4.399386,0
2016-03-27-12-55-46PM,1459054546771,1012.7014,4.5684915,0
2016-03-27-12-55-47PM,1459054547776,1012.7402,4.2461343,0
2016-03-27-12-55-48PM,1459054548776,1012.71356,4.4680853,0
2016-03-27-12-55-49PM,1459054549776,1012.8276,3.5168667,0
2016-03-27-12-55-50PM,1459054550776,1012.7468,4.190646,0
2016-03-27-12-55-51PM,1459054551776,1012.6589,4.9225564,0
2016-03-27-12-55-52PM,1459054552784,1012.82715,3.522151,0
2016-03-27-12-55-53PM,1459054553816,1012.6915,4.650402,0
2016-03-27-12-55-54PM,1459054554816,1012.63495,5.1207266,0
2016-03-27-12-55-55PM,1459054555822,1012.76605,4.0294676,0
2016-03-27-12-55-56PM,1459054556822,1012.8086,3.675403,0
2016-03-27-12-55-57PM,1459054557866,1012.70953,4.4997926,0
2016-03-27-12-55-58PM,1459054558903,1012.6622,4.8961334,0
2016-03-27-12-55-59PM,1459054559943,1012.6731,4.8036537,0
2016-03-27-12-56-00PM,1459054560944,1012.61743,5.268694,0
2016-03-27-12-56-01PM,1459054561985,1012.6744,4.793085,0
2016-03-27-12-56-03PM,1459054563025,1012.71204,4.4812965,0
2016-03-27-12-56-04PM,1459054564069,1012.74,4.2461343,0
2016-03-27-12-56-05PM,1459054565107,1012.7194,4.417882,0
2016-03-27-12-56-06PM,1459054566108,1012.6433,5.0520277,0
2016-03-27-12-56-07PM,1459054567168,1012.72595,4.3650365,0
2016-03-27-12-56-08PM,1459054568195,1012.7926,3.810159,0
2016-03-27-12-56-09PM,1459054569234,1012.6801,4.745524,0
2016-03-27-12-56-10PM,1459054570243,1012.7255,4.3676786,0
2016-03-27-12-56-11PM,1459054571268,1012.7085,4.5103617,0
2016-03-27-12-56-12PM,1459054572308,1012.77747,3.9343457,0
2016-03-27-12-56-13PM,1459054573355,1012.6245,5.207922,0
2016-03-27-12-56-14PM,1459054574386,1012.5584,5.760157,0
2016-03-27-12-56-15PM,1459054575388,1012.5478,5.847352,0
2016-03-27-12-56-16PM,1459054576389,1012.60565,5.3664584,0
2016-03-27-12-56-17PM,1459054577392,1012.6933,4.637191,0
2016-03-27-12-56-18PM,1459054578426,1012.70306,4.55528,0
2016-03-27-12-56-19PM,1459054579431,1012.7079,4.513004,0
2016-03-27-12-56-20PM,1459054580433,1012.57367,5.633328,0
2016-03-27-12-56-21PM,1459054581437,1012.6877,4.6821094,0
2016-03-27-12-56-22PM,1459054582447,1012.5402,5.9107666,0
2016-03-27-12-56-23PM,1459054583448,1012.6922,4.6451178,0
2016-03-27-12-56-24PM,1459054584487,1012.6102,5.326824,0
2016-03-27-12-56-25PM,1459054585489,1012.58203,5.5619864,0
2016-03-27-12-56-26PM,1459054586528,1012.59937,5.419304,0
2016-03-27-12-56-27PM,1459054587536,1012.5778,5.5989785,0
2016-03-27-12-56-28PM,1459054588573,1012.7038,4.5473533,0
2016-03-27-12-56-29PM,1459054589577,1012.71655,4.4416623,0
2016-03-27-12-56-30PM,1459054590642,1012.674,4.7957273,0
2016-03-27-12-56-31PM,1459054591651,1012.67487,4.7904425,0
2016-03-27-12-56-32PM,1459054592651,1012.803,3.7229638,0
2016-03-27-12-56-33PM,1459054593657,1012.77057,3.992476,0
2016-03-27-12-56-34PM,1459054594668,1012.7425,4.224996,0
2016-03-27-12-56-35PM,1459054595701,1012.6522,4.978044,0
2016-03-27-12-56-36PM,1459054596709,1012.709,4.505077,0
2016-03-27-12-56-37PM,1459054597746,1012.6933,4.637191,0
2016-03-27-12-56-38PM,1459054598750,1012.7172,4.436378,0
2016-03-27-12-56-39PM,1459054599786,1012.77594,3.9475572,0
2016-03-27-12-56-40PM,1459054600791,1012.7363,4.2778416,0
2016-03-27-12-56-41PM,1459054601841,1012.7526,4.1404433,0
2016-03-27-12-56-42PM,1459054602881,1012.7146,4.457516,0
2016-03-27-12-56-43PM,1459054603907,1012.6958,4.6160526,0
2016-03-27-12-56-44PM,1459054604919,1012.8239,3.548574,0
2016-03-27-12-56-45PM,1459054605951,1012.7703,3.9951181,0
2016-03-27-12-56-47PM,1459054607048,1012.7623,4.061175,0
2016-03-27-12-56-48PM,1459054608071,1012.7555,4.116663,0
2016-03-27-12-56-49PM,1459054609107,1012.7769,3.9396305,0
2016-03-27-12-56-50PM,1459054610132,1012.70123,4.5684915,0
2016-03-27-12-56-51PM,1459054611146,1012.6222,5.22906,0
2016-03-27-12-56-52PM,1459054612148,1012.8315,3.4851594,0
2016-03-27-12-56-53PM,1459054613150,1012.7876,3.849793,0
2016-03-27-12-56-54PM,1459054614186,1012.7609,4.071744,0
2016-03-27-12-56-55PM,1459054615186,1012.7928,3.8075166,0
2016-03-27-12-56-56PM,1459054616193,1012.8465,3.3609724,0
2016-03-27-12-56-57PM,1459054617232,1012.7522,4.1457276,0
2016-03-27-12-56-58PM,1459054618273,1012.5863,5.527637,0
2016-03-27-12-56-59PM,1459054619311,1012.8377,3.432314,0
2016-03-27-12-57-00PM,1459054620311,1012.5932,5.469507,0
2016-03-27-12-57-01PM,1459054621311,1012.679,4.753451,0
2016-03-27-12-57-02PM,1459054622314,1012.69214,4.6451178,0
2016-03-27-12-57-03PM,1459054623314,1012.6804,4.742882,0
2016-03-27-12-57-04PM,1459054624314,1012.78107,3.9052808,0
2016-03-27-12-57-05PM,1459054625354,1012.75824,4.095525,0
2016-03-27-12-57-06PM,1459054626391,1012.75146,4.1510124,0
2016-03-27-12-57-07PM,1459054627391,1012.727,4.3544674,0
2016-03-27-12-57-08PM,1459054628393,1012.83154,3.4851594,0
2016-03-27-12-57-09PM,1459054629435,1012.8185,3.5934925,0
2016-03-27-12-57-10PM,1459054630471,1012.721,4.4046707,0
2016-03-27-12-57-11PM,1459054631471,1012.70325,4.552638,0
2016-03-27-12-57-12PM,1459054632483,1012.81335,3.635769,0
2016-03-27-12-57-13PM,1459054633516,1012.7445,4.209142,0
2016-03-27-12-57-14PM,1459054634516,1012.63715,5.104873,0
2016-03-27-12-57-15PM,1459054635519,1012.70386,4.5473533,0
2016-03-27-12-57-16PM,1459054636558,1012.72253,4.3914595,0
2016-03-27-12-57-17PM,1459054637596,1012.64136,5.0678816,0
2016-03-27-12-57-18PM,1459054638599,1012.6951,4.621337,0
2016-03-27-12-57-19PM,1459054639636,1012.6931,4.637191,0
2016-03-27-12-57-20PM,1459054640636,1012.7087,4.507719,0
2016-03-27-12-57-21PM,1459054641636,1012.6669,4.8564997,0
2016-03-27-12-57-22PM,1459054642636,1012.7663,4.0268254,0
2016-03-27-12-57-23PM,1459054643636,1012.6009,5.4060926,0
2016-03-27-12-57-24PM,1459054644637,1012.67725,4.7693043,0
2016-03-27-12-57-25PM,1459054645640,1012.7547,4.1245894,0
2016-03-27-12-57-26PM,1459054646676,1012.69403,4.629264,0
2016-03-27-12-57-27PM,1459054647679,1012.8281,3.511582,0
2016-03-27-12-57-28PM,1459054648685,1012.5979,5.429873,0
2016-03-27-12-57-29PM,1459054649715,1012.6696,4.832719,0
2016-03-27-12-57-30PM,1459054650719,1012.7558,4.1140203,0
2016-03-27-12-57-31PM,1459054651766,1012.7193,4.417882,0
2016-03-27-12-57-32PM,1459054652796,1012.7153,4.4522314,0
2016-03-27-12-57-33PM,1459054653801,1012.6729,4.8062963,0
2016-03-27-12-57-34PM,1459054654836,1012.7273,4.351825,0
2016-03-27-12-57-35PM,1459054655836,1012.6444,5.0441008,0
2016-03-27-12-57-36PM,1459054656842,1012.5922,5.4774337,0
2016-03-27-12-57-37PM,1459054657877,1012.6464,5.025605,0
2016-03-27-12-57-38PM,1459054658876,1012.7038,4.5473533,0
2016-03-27-12-57-39PM,1459054659876,1012.6874,4.6847515,0
2016-03-27-12-57-40PM,1459054660880,1012.74994,4.1642237,0
2016-03-27-12-57-41PM,1459054661876,1012.8288,3.5062976,0
2016-03-27-12-57-42PM,1459054662882,1012.6718,4.8142233,0
2016-03-27-12-57-43PM,1459054663906,1012.78326,3.886785,0
2016-03-27-12-57-44PM,1459054664916,1012.61383,5.297759,0
2016-03-27-12-57-45PM,1459054665917,1012.658,4.930483,0
2016-03-27-12-57-46PM,1459054666922,1012.70123,4.5684915,0
2016-03-27-12-57-47PM,1459054667926,1012.71985,4.41524,0
2016-03-27-12-57-48PM,1459054668962,1012.7341,4.296337,0
2016-03-27-12-57-50PM,1459054670005,1012.7453,4.203858,0
2016-03-27-12-57-51PM,1459054671005,1012.69965,4.5843453,0
2016-03-27-12-57-52PM,1459054672042,1012.5997,5.4166613,0
2016-03-27-12-57-53PM,1459054673042,1012.4793,6.418083,0
2016-03-27-12-57-54PM,1459054674042,1012.7014,4.5684915,0
2016-03-27-12-57-55PM,1459054675082,1012.58057,5.575198,0
2016-03-27-12-57-56PM,1459054676083,1012.6234,5.218491,0
2016-03-27-12-57-57PM,1459054677121,1012.67004,4.8300767,0
2016-03-27-12-57-58PM,1459054678121,1012.58246,5.5593443,0
2016-03-27-12-57-59PM,1459054679123,1012.73773,4.2646303,0
2016-03-27-12-58-00PM,1459054680161,1012.69244,4.642475,0
2016-03-27-12-58-01PM,1459054681161,1012.59937,5.419304,0
2016-03-27-12-58-02PM,1459054682161,1012.5765,5.6095476,0
2016-03-27-12-58-03PM,1459054683163,1012.67676,4.774589,0
2016-03-27-12-58-04PM,1459054684201,1012.7098,4.4997926,0
2016-03-27-12-58-05PM,1459054685203,1012.6636,4.882922,0
2016-03-27-12-58-06PM,1459054686241,1012.6515,4.983329,0
2016-03-27-12-58-07PM,1459054687241,1012.65497,4.9542637,0
2016-03-27-12-58-08PM,1459054688242,1012.5623,5.7258077,0
2016-03-27-12-58-09PM,1459054689281,1012.56134,5.736377,0
2016-03-27-12-58-10PM,1459054690281,1012.65,4.99654,0
2016-03-27-12-58-11PM,1459054691287,1012.6387,5.091662,0
2016-03-27-12-58-12PM,1459054692321,1012.5586,5.757515,0
2016-03-27-12-58-13PM,1459054693321,1012.58234,5.5593443,0
2016-03-27-12-58-14PM,1459054694322,1012.52765,6.0164576,0
2016-03-27-12-58-15PM,1459054695321,1012.58923,5.5038567,0
2016-03-27-12-58-16PM,1459054696323,1012.6151,5.28719,0
2016-03-27-12-58-17PM,1459054697363,1012.5626,5.7231655,0
2016-03-27-12-58-18PM,1459054698367,1012.47095,6.4867826,0
2016-03-27-12-58-19PM,1459054699401,1012.52264,6.056092,0
2016-03-27-12-58-20PM,1459054700401,1012.5744,5.625401,0
2016-03-27-12-58-21PM,1459054701401,1012.54083,5.9054823,0
2016-03-27-12-58-22PM,1459054702401,1012.64545,5.0335317,0
2016-03-27-12-58-23PM,1459054703403,1012.5226,6.058734,0
2016-03-27-12-58-24PM,1459054704442,1012.5567,5.7733684,0
2016-03-27-12-58-25PM,1459054705442,1012.6416,5.065239,0
2016-03-27-12-58-26PM,1459054706442,1012.5995,5.4166613,0
2016-03-27-12-58-27PM,1459054707481,1012.64355,5.0493855,0
2016-03-27-12-58-28PM,1459054708483,1012.7216,4.399386,0
2016-03-27-12-58-29PM,1459054709521,1012.7071,4.520931,0
2016-03-27-12-58-30PM,1459054710521,1012.5494,5.834141,0
2016-03-27-12-58-31PM,1459054711521,1012.62994,5.163003,0
2016-03-27-12-58-32PM,1459054712521,1012.62024,5.2449136,0
2016-03-27-12-58-33PM,1459054713522,1012.5146,6.124791,0
2016-03-27-12-58-34PM,1459054714522,1012.46704,6.521132,0
2016-03-27-12-58-35PM,1459054715563,1012.56213,5.72845,0
2016-03-27-12-58-36PM,1459054716563,1012.5098,6.164425,0
2016-03-27-12-58-37PM,1459054717614,1012.5134,6.13536,0
2016-03-27-12-58-38PM,1459054718641,1012.42316,6.885766,0
2016-03-27-12-58-39PM,1459054719641,1012.6176,5.266052,0
2016-03-27-12-58-40PM,1459054720641,1012.59155,5.4827185,0
2016-03-27-12-58-41PM,1459054721646,1012.6744,4.793085,0
2016-03-27-12-58-42PM,1459054722646,1012.6551,4.9542637,0
2016-03-27-12-58-43PM,1459054723646,1012.5911,5.488003,0
2016-03-27-12-58-44PM,1459054724646,1012.5353,5.953043,0
2016-03-27-12-58-45PM,1459054725651,1012.6762,4.777231,0
2016-03-27-12-58-46PM,1459054726686,1012.739,4.2540607,0
2016-03-27-12-58-47PM,1459054727686,1012.5692,5.6703196,0
2016-03-27-12-58-48PM,1459054728687,1012.6116,5.316255,0
2016-03-27-12-58-49PM,1459054729726,1012.6674,4.851215,0
2016-03-27-12-58-50PM,1459054730726,1012.6113,5.3188972,0
2016-03-27-12-58-51PM,1459054731726,1012.6554,4.951621,0
2016-03-27-12-58-52PM,1459054732726,1012.6178,5.266052,0
2016-03-27-12-58-53PM,1459054733727,1012.48425,6.375807,0
2016-03-27-12-58-54PM,1459054734747,1012.71265,4.4733696,0
2016-03-27-12-58-55PM,1459054735770,1012.6386,5.091662,0
2016-03-27-12-58-56PM,1459054736810,1012.61884,5.2554827,0
2016-03-27-12-58-57PM,1459054737833,1012.5416,5.9001975,0
2016-03-27-12-58-58PM,1459054738846,1012.66437,4.877638,0
2016-03-27-12-58-59PM,1459054739851,1012.5233,6.050807,0
2016-03-27-12-59-00PM,1459054740876,1012.5625,5.7258077,0
2016-03-27-12-59-01PM,1459054741891,1012.46735,6.51849,0
2016-03-27-12-59-02PM,1459054742899,1012.62354,5.215849,0
2016-03-27-12-59-03PM,1459054743902,1012.5734,5.633328,0
2016-03-27-12-59-04PM,1459054744905,1012.46735,6.51849,0
2016-03-27-12-59-05PM,1459054745944,1012.54297,5.8869863,0
2016-03-27-12-59-06PM,1459054746981,1012.51984,6.079872,0
2016-03-27-12-59-07PM,1459054747984,1012.5909,5.488003,0
2016-03-27-12-59-09PM,1459054749021,1012.5668,5.6888156,0
2016-03-27-12-59-10PM,1459054750021,1012.6981,4.5949144,0
2016-03-27-12-59-11PM,1459054751026,1012.627,5.186784,0
2016-03-27-12-59-12PM,1459054752061,1012.5935,5.4668646,0
2016-03-27-12-59-13PM,1459054753061,1012.6362,5.110158,0
2016-03-27-12-59-14PM,1459054754061,1012.55084,5.8235717,0
2016-03-27-12-59-15PM,1459054755086,1012.6242,5.210564,0
2016-03-27-12-59-16PM,1459054756101,1012.5708,5.6571083,0
2016-03-27-12-59-17PM,1459054757133,1012.62305,5.221133,0
2016-03-27-12-59-18PM,1459054758143,1012.58777,5.5144258,0
2016-03-27-12-59-19PM,1459054759181,1012.5343,5.96097,0
2016-03-27-12-59-20PM,1459054760197,1012.6097,5.3321085,0
2016-03-27-12-59-21PM,1459054761238,1012.5672,5.6861734,0
2016-03-27-12-59-22PM,1459054762261,1012.62225,5.2264175,0
2016-03-27-12-59-23PM,1459054763261,1012.60895,5.3373933,0
2016-03-27-12-59-24PM,1459054764261,1012.6022,5.395523,0
2016-03-27-12-59-25PM,1459054765261,1012.65063,4.9912553,0
2016-03-27-12-59-26PM,1459054766267,1012.6955,4.6160526,0
2016-03-27-12-59-27PM,1459054767301,1012.6959,4.61341,0
2016-03-27-12-59-28PM,1459054768301,1012.77765,3.9343457,0
2016-03-27-12-59-29PM,1459054769301,1012.69403,4.629264,0
2016-03-27-12-59-30PM,1459054770301,1012.68604,4.6953206,0
2016-03-27-12-59-31PM,1459054771302,1012.7149,4.454874,0
2016-03-27-12-59-32PM,1459054772301,1012.7249,4.3729634,0
2016-03-27-12-59-33PM,1459054773301,1012.71423,4.4601583,0
2016-03-27-12-59-34PM,1459054774320,1012.6747,4.7904425,0
2016-03-27-12-59-35PM,1459054775341,1012.5664,5.6941004,0
2016-03-27-12-59-36PM,1459054776341,1012.632,5.1471496,0
2016-03-27-12-59-37PM,1459054777341,1012.7309,4.32276,0
2016-03-27-12-59-38PM,1459054778341,1012.6818,4.7323127,0
2016-03-27-12-59-39PM,1459054779341,1012.773,3.9713378,0
2016-03-27-12-59-40PM,1459054780351,1012.6535,4.967475,0
2016-03-27-12-59-41PM,1459054781351,1012.71857,4.425809,0
2016-03-27-12-59-42PM,1459054782352,1012.69135,4.653044,0
2016-03-27-12-59-43PM,1459054783408,1012.82684,3.5247934,0
2016-03-27-12-59-44PM,1459054784431,1012.7281,4.3465405,0
2016-03-27-12-59-45PM,1459054785431,1012.5359,5.9477587,0
2016-03-27-12-59-46PM,1459054786431,1012.5667,5.6914577,0
2016-03-27-12-59-47PM,1459054787431,1012.6691,4.8380036,0
2016-03-27-12-59-48PM,1459054788431,1012.6558,4.948979,0
2016-03-27-12-59-49PM,1459054789431,1012.56854,5.6756043,0
2016-03-27-12-59-50PM,1459054790431,1012.6638,4.88028,0
2016-03-27-12-59-51PM,1459054791441,1012.6989,4.5896297,0
2016-03-27-12-59-52PM,1459054792443,1012.71484,4.457516,0
2016-03-27-12-59-53PM,1459054793481,1012.7728,3.97398,0
2016-03-27-12-59-54PM,1459054794482,1012.6334,5.1339383,0
2016-03-27-12-59-55PM,1459054795526,1012.6053,5.3691006,0
2016-03-27-12-59-56PM,1459054796561,1012.6725,4.8089385,0
2016-03-27-12-59-57PM,1459054797562,1012.69336,4.634548,0
2016-03-27-12-59-58PM,1459054798561,1012.6904,4.658329,0
2016-03-27-12-59-59PM,1459054799562,1012.6444,5.0441008,0
2016-03-27-1-00-00PM,1459054800601,1012.5636,5.7152386,0
2016-03-27-1-00-01PM,1459054801601,1012.5897,5.498572,0
2016-03-27-1-00-02PM,1459054802601,1012.5869,5.522352,0
2016-03-27-1-00-03PM,1459054803601,1012.7603,4.0770288,0
2016-03-27-1-00-04PM,1459054804607,1012.5876,5.517068,0
2016-03-27-1-00-05PM,1459054805641,1012.60205,5.395523,0
2016-03-27-1-00-06PM,1459054806649,1012.5253,6.0349536,0
2016-03-27-1-00-07PM,1459054807688,1012.67914,4.753451,0
2016-03-27-1-00-08PM,1459054808721,1012.6122,5.3109703,0
2016-03-27-1-00-09PM,1459054809724,1012.77716,3.936988,0
2016-03-27-1-00-10PM,1459054810764,1012.6442,5.0441008,0
2016-03-27-1-00-11PM,1459054811767,1012.5955,5.451011,0
2016-03-27-1-00-12PM,1459054812811,1012.7497,4.166866,0
2016-03-27-1-00-13PM,1459054813849,1012.54156,5.9001975,0
2016-03-27-1-00-14PM,1459054814883,1012.58124,5.5699134,0
2016-03-27-1-00-15PM,1459054815886,1012.66156,4.898776,0
2016-03-27-1-00-16PM,1459054816886,1012.64294,5.05467,0
2016-03-27-1-00-17PM,1459054817905,1012.64624,5.0282474,0
2016-03-27-1-00-18PM,1459054818928,1012.68616,4.6953206,0
2016-03-27-1-00-19PM,1459054819946,1012.5268,6.0217423,0
2016-03-27-1-00-20PM,1459054820966,1012.55676,5.7733684,0
2016-03-27-1-00-21PM,1459054821968,1012.55725,5.768084,0
2016-03-27-1-00-23PM,1459054823013,1012.73444,4.293695,0
2016-03-27-1-00-24PM,1459054824046,1012.589,5.5038567,0
2016-03-27-1-00-25PM,1459054825046,1012.5513,5.818287,0
2016-03-27-1-00-26PM,1459054826050,1012.55115,5.8209295,0
2016-03-27-1-00-27PM,1459054827091,1012.64087,5.073166,0
2016-03-27-1-00-28PM,1459054828126,1012.5993,5.419304,0
2016-03-27-1-00-29PM,1459054829131,1012.67847,4.758735,0
2016-03-27-1-00-30PM,1459054830135,1012.6622,4.8961334,0
2016-03-27-1-00-31PM,1459054831222,1012.7011,4.5711336,0
2016-03-27-1-00-32PM,1459054832246,1012.609,5.3373933,0
2016-03-27-1-00-33PM,1459054833246,1012.61487,5.289832,0
2016-03-27-1-00-34PM,1459054834247,1012.6831,4.7217436,0
2016-03-27-1-00-35PM,1459054835290,1012.5405,5.9081244,0
2016-03-27-1-00-36PM,1459054836327,1012.54486,5.873775,0
2016-03-27-1-00-37PM,1459054837326,1012.5914,5.4853606,0
2016-03-27-1-00-38PM,1459054838326,1012.7098,4.4997926,0
2016-03-27-1-00-39PM,1459054839327,1012.64764,5.0150356,0
2016-03-27-1-00-40PM,1459054840366,1012.6036,5.382312,0
2016-03-27-1-00-41PM,1459054841370,1012.58374,5.548775,0
2016-03-27-1-00-42PM,1459054842406,1012.53546,5.950401,0
2016-03-27-1-00-43PM,1459054843406,1012.60254,5.392881,0
2016-03-27-1-00-44PM,1459054844406,1012.6216,5.2343445,0
2016-03-27-1-00-45PM,1459054845428,1012.59656,5.4430842,0
2016-03-27-1-00-46PM,1459054846446,1012.58966,5.498572,0
2016-03-27-1-00-47PM,1459054847450,1012.54144,5.9001975,0
2016-03-27-1-00-48PM,1459054848479,1012.66705,4.853857,0
2016-03-27-1-00-49PM,1459054849493,1012.635,5.1207266,0
2016-03-27-1-00-50PM,1459054850497,1012.5382,5.9266205,0
2016-03-27-1-00-51PM,1459054851536,1012.74146,4.235565,0
2016-03-27-1-00-52PM,1459054852539,1012.6932,4.637191,0
2016-03-27-1-00-53PM,1459054853576,1012.7036,4.5499954,0
2016-03-27-1-00-54PM,1459054854583,1012.57666,5.606905,0
2016-03-27-1-00-55PM,1459054855622,1012.6475,5.0176783,0
2016-03-27-1-00-56PM,1459054856662,1012.7099,4.4971504,0
2016-03-27-1-00-57PM,1459054857663,1012.6661,4.861784,0
2016-03-27-1-00-58PM,1459054858705,1012.7395,4.2514186,0
2016-03-27-1-00-59PM,1459054859741,1012.6365,5.110158,0
2016-03-27-1-01-00PM,1459054860741,1012.5202,6.07723,0
2016-03-27-1-01-01PM,1459054861746,1012.4487,6.6717415,0
2016-03-27-1-01-02PM,1459054862804,1012.7024,4.560565,0
2016-03-27-1-01-03PM,1459054863821,1012.5971,5.4377995,0
2016-03-27-1-01-04PM,1459054864821,1012.5522,5.8103604,0
2016-03-27-1-01-05PM,1459054865823,1012.50555,6.1987743,0
2016-03-27-1-01-06PM,1459054866826,1012.6857,4.6979628,0
2016-03-27-1-01-07PM,1459054867827,1012.6261,5.1947107,0
2016-03-27-1-01-08PM,1459054868874,1012.6296,5.1656456,0
2016-03-27-1-01-09PM,1459054869878,1012.5175,6.1010103,0
2016-03-27-1-01-10PM,1459054870880,1012.5706,5.6571083,0
2016-03-27-1-01-11PM,1459054871918,1012.6489,5.004467,0
2016-03-27-1-01-12PM,1459054872956,1012.70825,4.5103617,0
2016-03-27-1-01-13PM,1459054873965,1012.7616,4.0664597,0
2016-03-27-1-01-15PM,1459054875002,1012.74146,4.235565,0
2016-03-27-1-01-16PM,1459054876001,1012.73456,4.293695,0
2016-03-27-1-01-17PM,1459054877002,1012.62665,5.192068,0
2016-03-27-1-01-18PM,1459054878010,1012.7059,4.5315,0
2016-03-27-1-01-19PM,1459054879042,1012.68884,4.6741824,0
2016-03-27-1-01-20PM,1459054880077,1012.6795,4.7508087,0
2016-03-27-1-01-21PM,1459054881081,1012.615,5.28719,0
2016-03-27-1-01-22PM,1459054882081,1012.63654,5.1075153,0
2016-03-27-1-01-23PM,1459054883081,1012.5921,5.4774337,0
2016-03-27-1-01-24PM,1459054884086,1012.5156,6.116864,0
2016-03-27-1-01-25PM,1459054885122,1012.4752,6.4524326,0
2016-03-27-1-01-26PM,1459054886161,1012.5608,5.739019,0
2016-03-27-1-01-27PM,1459054887161,1012.6649,4.872353,0
2016-03-27-1-01-28PM,1459054888217,1012.3846,7.208123,0
2016-03-27-1-01-29PM,1459054889245,1012.55585,5.7812953,0
2016-03-27-1-01-30PM,1459054890282,1012.70935,4.5024347,0
2016-03-27-1-01-31PM,1459054891286,1012.6786,4.758735,0
2016-03-27-1-01-32PM,1459054892287,1012.6028,5.390239,0
2016-03-27-1-01-33PM,1459054893361,1012.619,5.2554827,0
2016-03-27-1-01-34PM,1459054894366,1012.69916,4.5869875,0
2016-03-27-1-01-35PM,1459054895366,1012.5352,5.953043,0
2016-03-27-1-01-36PM,1459054896371,1012.5968,5.440442,0
2016-03-27-1-01-37PM,1459054897380,1012.5745,5.625401,0
2016-03-27-1-01-38PM,1459054898412,1012.4964,6.2754006,0
2016-03-27-1-01-39PM,1459054899411,1012.65076,4.9912553,0
2016-03-27-1-01-40PM,1459054900411,1012.62885,5.1735725,0
2016-03-27-1-01-41PM,1459054901411,1012.5567,5.7733684,0
2016-03-27-1-01-42PM,1459054902411,1012.6774,4.7693043,0
2016-03-27-1-01-43PM,1459054903416,1012.51086,6.156498,0
2016-03-27-1-01-44PM,1459054904451,1012.58496,5.538206,0
2016-03-27-1-01-45PM,1459054905451,1012.4733,6.4682865,0
2016-03-27-1-01-46PM,1459054906451,1012.70276,4.5579224,0
2016-03-27-1-01-47PM,1459054907451,1012.61426,5.295117,0
2016-03-27-1-01-48PM,1459054908463,1012.65186,4.980686,0
2016-03-27-1-01-49PM,1459054909497,1012.62445,5.210564,0
2016-03-27-1-01-50PM,1459054910499,1012.64026,5.07845,0
2016-03-27-1-01-51PM,1459054911531,1012.6438,5.0467434,0
2016-03-27-1-01-52PM,1459054912531,1012.6034,5.3849545,0
2016-03-27-1-01-53PM,1459054913561,1012.6785,4.758735,0
2016-03-27-1-01-54PM,1459054914571,1012.56525,5.7020273,0
2016-03-27-1-01-55PM,1459054915582,1012.61755,5.266052,0
2016-03-27-1-01-56PM,1459054916618,1012.6721,4.8115807,0
2016-03-27-1-01-57PM,1459054917652,1012.7166,4.4416623,0
2016-03-27-1-01-58PM,1459054918651,1012.77527,3.9528418,0
2016-03-27-1-01-59PM,1459054919651,1012.6217,5.2317023,0
2016-03-27-1-02-00PM,1459054920656,1012.6003,5.411377,0
2016-03-27-1-02-01PM,1459054921656,1012.5443,5.876417,0
2016-03-27-1-02-02PM,1459054922656,1012.6279,5.181499,0
2016-03-27-1-02-03PM,1459054923657,1012.54315,5.8869863,0
2016-03-27-1-02-04PM,1459054924715,1012.7129,4.4733696,0
2016-03-27-1-02-05PM,1459054925736,1012.56384,5.7152386,0
2016-03-27-1-02-06PM,1459054926739,1012.61285,5.305686,0
2016-03-27-1-02-07PM,1459054927750,1012.5944,5.4589376,0
2016-03-27-1-02-08PM,1459054928780,1012.6831,4.7217436,0
2016-03-27-1-02-09PM,1459054929789,1012.6556,4.948979,0
2016-03-27-1-02-10PM,1459054930816,1012.71826,4.428451,0
2016-03-27-1-02-11PM,1459054931817,1012.68054,4.742882,0
2016-03-27-1-02-12PM,1459054932817,1012.70715,4.520931,0
2016-03-27-1-02-13PM,1459054933816,1012.59076,5.4906454,0
2016-03-27-1-02-14PM,1459054934817,1012.56616,5.6941004,0
2016-03-27-1-02-15PM,1459054935838,1012.66925,4.8353615,0
2016-03-27-1-02-16PM,1459054936856,1012.6707,4.824792,0
2016-03-27-1-02-17PM,1459054937856,1012.6573,4.9357677,0
2016-03-27-1-02-18PM,1459054938856,1012.6618,4.898776,0
2016-03-27-1-02-19PM,1459054939868,1012.5913,5.4853606,0
2016-03-27-1-02-20PM,1459054940871,1012.5828,5.556702,0
2016-03-27-1-02-21PM,1459054941896,1012.59674,5.440442,0
2016-03-27-1-02-22PM,1459054942896,1012.6483,5.0097513,0
2016-03-27-1-02-23PM,1459054943896,1012.754,4.129874,0
2016-03-27-1-02-24PM,1459054944896,1012.6957,4.6160526,0
2016-03-27-1-02-25PM,1459054945908,1012.6455,5.0335317,0
2016-03-27-1-02-26PM,1459054946936,1012.71045,4.4918656,0
2016-03-27-1-02-27PM,1459054947946,1012.7803,3.9105654,0
2016-03-27-1-02-28PM,1459054948976,1012.63293,5.1392226,0
2016-03-27-1-02-29PM,1459054949978,1012.7156,4.4495893,0
2016-03-27-1-02-31PM,1459054951016,1012.7563,4.111378,0
2016-03-27-1-02-32PM,1459054952016,1012.5884,5.509141,0
2016-03-27-1-02-33PM,1459054953016,1012.67834,4.7613773,0
2016-03-27-1-02-34PM,1459054954019,1012.6495,5.0018244,0
2016-03-27-1-02-35PM,1459054955056,1012.7302,4.328045,0
2016-03-27-1-02-36PM,1459054956056,1012.8275,3.5168667,0
2016-03-27-1-02-37PM,1459054957057,1012.70905,4.505077,0
2016-03-27-1-02-38PM,1459054958096,1012.61273,5.308328,0
2016-03-27-1-02-39PM,1459054959107,1012.6473,5.0203204,0
2016-03-27-1-02-40PM,1459054960136,1012.5508,5.8235717,0
2016-03-27-1-02-41PM,1459054961143,1012.7025,4.5579224,0
2016-03-27-1-02-42PM,1459054962204,1012.5725,5.641255,0
2016-03-27-1-02-43PM,1459054963222,1012.60065,5.408735,0
2016-03-27-1-02-44PM,1459054964228,1012.66235,4.8934913,0
2016-03-27-1-02-52PM,1459054972034,1012.7183,4.428451,0
2016-03-27-1-03-00PM,1459054980733,1012.6044,5.3770275,0
2016-03-27-1-03-01PM,1459054981980,1012.6122,5.3109703,0
2016-03-27-1-03-02PM,1459054982980,1012.6589,4.9225564,0
2016-03-27-1-03-03PM,1459054983988,1012.5621,5.72845,0
2016-03-27-1-03-05PM,1459054985005,1012.7441,4.2117844,0
2016-03-27-1-03-06PM,1459054986080,1012.65894,4.9225564,0
2016-03-27-1-03-07PM,1459054987086,1012.6145,5.2924747,0
2016-03-27-1-03-08PM,1459054988106,1012.7178,4.431093,0
2016-03-27-1-03-09PM,1459054989170,1012.6614,4.901418,0
2016-03-27-1-03-10PM,1459054990357,1012.5101,6.1617827,0
2016-03-27-1-03-11PM,1459054991358,1012.66394,4.88028,0
2016-03-27-1-03-12PM,1459054992422,1012.62213,5.22906,0
2016-03-27-1-03-13PM,1459054993543,1012.5118,6.1485715,0
2016-03-27-1-03-14PM,1459054994548,1012.7216,4.399386,0
2016-03-27-1-03-15PM,1459054995587,1012.50305,6.2199125,0
2016-03-27-1-03-16PM,1459054996709,1012.61487,5.289832,0
2016-03-27-1-03-17PM,1459054997803,1012.57184,5.646539,0
2016-03-27-1-03-18PM,1459054998884,1012.6765,4.774589,0
2016-03-27-1-03-20PM,1459055000022,1012.6659,4.864426,0
2016-03-27-1-03-21PM,1459055001103,1012.64465,5.0414586,0
2016-03-27-1-03-22PM,1459055002109,1012.638,5.0969462,0
2016-03-27-1-03-23PM,1459055003217,1012.5583,5.760157,0
2016-03-27-1-03-24PM,1459055004298,1012.66425,4.877638,0
2016-03-27-1-03-25PM,1459055005349,1012.71173,4.4812965,0
2016-03-27-1-03-26PM,1459055006598,1012.65063,4.9912553,0
2016-03-27-1-03-27PM,1459055007606,1012.6,5.414019,0
2016-03-27-1-03-28PM,1459055008661,1012.56,5.746946,0
2016-03-27-1-03-29PM,1459055009665,1012.52563,6.0323114,0
2016-03-27-1-03-30PM,1459055010683,1012.769,4.005687,0
2016-03-27-1-03-31PM,1459055011786,1012.66174,4.898776,0
2016-03-27-1-03-32PM,1459055012961,1012.6717,4.8168654,0
2016-03-27-1-03-34PM,1459055014194,1012.67,4.8300767,0
2016-03-27-1-03-35PM,1459055015323,1012.6732,4.8036537,0
2016-03-27-1-03-36PM,1459055016465,1012.7552,4.119305,0
2016-03-27-1-03-37PM,1459055017491,1012.68335,4.719101,0
2016-03-27-1-03-38PM,1459055018554,1012.7662,4.0294676,0
2016-03-27-1-03-39PM,1459055019586,1012.77844,3.926419,0
2016-03-27-1-03-40PM,1459055020670,1012.7247,4.3756056,0
2016-03-27-1-03-41PM,1459055021885,1012.6548,4.956906,0
2016-03-27-1-03-42PM,1459055022903,1012.6631,4.8882065,0
2016-03-27-1-03-43PM,1459055023939,1012.63477,5.123369,0
2016-03-27-1-03-44PM,1459055024973,1012.6581,4.930483,0
2016-03-27-1-03-45PM,1459055025998,1012.74,4.2461343,0
2016-03-27-1-03-47PM,1459055027157,1012.784,3.8815002,0
2016-03-27-1-03-48PM,1459055028222,1012.663,4.8882065,0
2016-03-27-1-03-49PM,1459055029287,1012.5589,5.7548723,0
2016-03-27-1-03-50PM,1459055030399,1012.7417,4.2329226,0
2016-03-27-1-03-51PM,1459055031405,1012.5925,5.4747915,0
2016-03-27-1-03-52PM,1459055032445,1012.6866,4.6926785,0
2016-03-27-1-03-53PM,1459055033519,1012.7157,4.4495893,0
2016-03-27-1-03-54PM,1459055034600,1012.639,5.08902,0
2016-03-27-1-03-55PM,1459055035819,1012.5765,5.6095476,0
2016-03-27-1-03-56PM,1459055036870,1012.6561,4.9463367,0
2016-03-27-1-03-57PM,1459055037932,1012.6226,5.2237754,0
2016-03-27-1-03-59PM,1459055039011,1012.58026,5.5778403,0
2016-03-27-1-04-00PM,1459055040067,1012.497,6.270116,0
2016-03-27-1-04-01PM,1459055041128,1012.4383,6.758937,0
2016-03-27-1-04-02PM,1459055042165,1012.59143,5.4853606,0
2016-03-27-1-04-03PM,1459055043612,1012.4652,6.5343432,0
2016-03-27-1-04-04PM,1459055044620,1012.47473,6.4577174,0
2016-03-27-1-04-05PM,1459055045795,1012.4484,6.674384,0
2016-03-27-1-04-06PM,1459055046896,1012.4826,6.3916607,0
2016-03-27-1-04-08PM,1459055048040,1012.41974,6.9148307,0
2016-03-27-1-04-09PM,1459055049242,1012.5681,5.6782465,0
2016-03-27-1-04-10PM,1459055050328,1012.5458,5.863206,0
2016-03-27-1-04-11PM,1459055051369,1012.4359,6.780075,0
2016-03-27-1-04-12PM,1459055052431,1012.48987,6.3308883,0
2016-03-27-1-04-13PM,1459055053459,1012.63434,5.1260114,0
2016-03-27-1-04-14PM,1459055054517,1012.57227,5.643897,0
2016-03-27-1-04-15PM,1459055055518,1012.4761,6.444506,0
2016-03-27-1-04-16PM,1459055056646,1012.6302,5.160361,0
2016-03-27-1-04-17PM,1459055057693,1012.53595,5.945116,0
2016-03-27-1-04-18PM,1459055058753,1012.5588,5.757515,0
2016-03-27-1-04-19PM,1459055059795,1012.6217,5.2317023,0
2016-03-27-1-04-20PM,1459055060806,1012.49524,6.2859697,0
2016-03-27-1-04-21PM,1459055061815,1012.5459,5.863206,0
2016-03-27-1-04-23PM,1459055063024,1012.6087,5.3400354,0
2016-03-27-1-04-24PM,1459055064542,1012.5523,5.8103604,0
2016-03-27-1-04-25PM,1459055065806,1012.50116,6.2357664,0
2016-03-27-1-04-26PM,1459055066911,1012.68115,4.737597,0
2016-03-27-1-04-27PM,1459055067942,1012.53296,5.971539,0
2016-03-27-1-04-28PM,1459055068994,1012.40955,6.9993834,0
