2016-03-27-12-51-55PM,1459054315598,8.0,0
2016-03-27-12-55-25PM,1459054525640,0.0,0
2016-03-27-12-55-27PM,1459054527324,8.0,0
2016-03-27-12-55-30PM,1459054530184,0.0,0
2016-03-27-12-55-31PM,1459054531726,8.0,0
2016-03-27-12-58-06PM,1459054686970,0.0,0
2016-03-27-12-58-07PM,1459054687880,8.0,0
2016-03-27-12-58-54PM,1459054734371,0.0,0
2016-03-27-12-58-54PM,1459054734450,8.0,0
2016-03-27-12-59-08PM,1459054748901,0.0,0
2016-03-27-12-59-14PM,1459054754557,8.0,0
2016-03-27-12-59-16PM,1459054756202,0.0,0
2016-03-27-12-59-16PM,1459054756305,8.0,0
2016-03-27-1-00-20PM,1459054820590,0.0,0
2016-03-27-1-00-20PM,1459054820935,8.0,0
2016-03-27-1-00-21PM,1459054821382,0.0,0
2016-03-27-1-00-21PM,1459054821973,8.0,0
2016-03-27-1-00-22PM,1459054822081,0.0,0
2016-03-27-1-00-24PM,1459054824106,8.0,0
2016-03-27-1-00-25PM,1459054825156,0.0,0
2016-03-27-1-00-25PM,1459054825234,8.0,0
2016-03-27-1-00-25PM,1459054825264,0.0,0
2016-03-27-1-00-26PM,1459054826475,8.0,0
2016-03-27-1-00-26PM,1459054826701,0.0,0
2016-03-27-1-00-27PM,1459054827568,8.0,0
2016-03-27-1-00-27PM,1459054827805,0.0,0
2016-03-27-1-00-28PM,1459054828099,8.0,0
2016-03-27-1-00-28PM,1459054828352,0.0,0
2016-03-27-1-00-29PM,1459054829003,8.0,0
2016-03-27-1-00-29PM,1459054829872,0.0,0
2016-03-27-1-00-30PM,1459054830201,8.0,0
2016-03-27-1-00-30PM,1459054830596,0.0,0
2016-03-27-1-00-30PM,1459054830820,8.0,0
2016-03-27-1-00-58PM,1459054858083,0.0,0
2016-03-27-1-01-03PM,1459054863918,8.0,0
