2016-03-29-1-02-06PM,1459227726681,5.000305,3
2016-03-29-1-09-32PM,1459228172274,0.0,3
2016-03-29-1-09-32PM,1459228172889,5.000305,3
2016-03-29-1-09-34PM,1459228174475,0.0,3
2016-03-29-1-09-35PM,1459228175906,5.000305,3
2016-03-29-1-09-36PM,1459228176520,0.0,3
2016-03-29-1-09-51PM,1459228191210,5.000305,3
2016-03-29-1-10-02PM,1459228202072,0.0,3
2016-03-29-1-10-02PM,1459228202689,5.000305,3
2016-03-29-1-10-03PM,1459228203696,0.0,3
2016-03-29-1-10-06PM,1459228206545,5.000305,3
2016-03-29-1-10-07PM,1459228207130,0.0,3
2016-03-29-1-11-42PM,1459228302198,5.000305,3
2016-03-29-1-11-42PM,1459228302399,0.0,3
2016-03-29-1-11-42PM,1459228302992,5.000305,3
2016-03-29-1-11-47PM,1459228307221,0.0,3
2016-03-29-1-11-50PM,1459228310658,5.000305,3
2016-03-29-1-11-51PM,1459228311068,0.0,3
2016-03-29-1-11-56PM,1459228316285,5.000305,3
2016-03-29-1-12-01PM,1459228321954,0.0,3
2016-03-29-1-12-02PM,1459228322747,5.000305,3
2016-03-29-1-12-21PM,1459228341496,0.0,3
2016-03-29-1-12-21PM,1459228341903,5.000305,3
2016-03-29-1-12-23PM,1459228343701,0.0,3
2016-03-29-1-12-35PM,1459228355988,5.000305,3
2016-03-29-1-12-36PM,1459228356204,0.0,3
2016-03-29-1-12-36PM,1459228356388,5.000305,3
2016-03-29-1-12-42PM,1459228362253,0.0,3
2016-03-29-1-12-52PM,1459228372523,5.000305,3
2016-03-29-1-13-04PM,1459228384204,0.0,3
2016-03-29-1-13-04PM,1459228384597,5.000305,3
2016-03-29-1-13-05PM,1459228385817,0.0,3
2016-03-29-1-13-06PM,1459228386218,5.000305,3
2016-03-29-1-13-14PM,1459228394054,0.0,3
2016-03-29-1-13-14PM,1459228394255,5.000305,3
2016-03-29-1-13-14PM,1459228394870,0.0,3
2016-03-29-1-13-15PM,1459228395273,5.000305,3
2016-03-29-1-13-16PM,1459228396268,0.0,3
2016-03-29-1-13-16PM,1459228396456,5.000305,3
2016-03-29-1-13-16PM,1459228396869,0.0,3
2016-03-29-1-13-19PM,1459228399075,5.000305,3
2016-03-29-1-15-26PM,1459228526823,0.0,3
2016-03-29-1-15-28PM,1459228528198,5.000305,3
2016-03-29-1-15-44PM,1459228544311,0.0,3
2016-03-29-1-15-46PM,1459228546551,5.000305,3
2016-03-29-1-17-02PM,1459228622670,0.0,3
2016-03-29-1-17-08PM,1459228628711,5.000305,3
2016-03-29-1-23-50PM,1459229030182,0.0,3
2016-03-29-1-23-50PM,1459229030807,5.000305,3
2016-03-29-1-23-51PM,1459229031814,0.0,3
2016-03-29-1-23-55PM,1459229035228,5.000305,3
2016-03-29-1-23-55PM,1459229035442,0.0,3
2016-03-29-1-23-58PM,1459229038872,5.000305,3
2016-03-29-1-23-59PM,1459229039273,0.0,3
2016-03-29-1-23-59PM,1459229039475,5.000305,3
2016-03-29-1-24-02PM,1459229042477,0.0,3
2016-03-29-1-24-03PM,1459229043307,5.000305,3
2016-03-29-1-24-03PM,1459229043479,0.0,3
2016-03-29-1-24-09PM,1459229049120,5.000305,3
2016-03-29-1-24-20PM,1459229060810,0.0,3
2016-03-29-1-24-41PM,1459229081365,5.000305,3
2016-03-29-1-32-07PM,1459229527143,0.0,3
2016-03-29-1-32-07PM,1459229527524,5.000305,3
